0.8558226757754342 0.07422455185086718 0.3850376674953744 0.24514253509244188 0.14994552534509498 0.9205937031494305 0.9350326037885659 0.5375002342396873 0.6821900628075289 0.5763424105796964 0.48884813267370264 0.1956122296491829 0.6329828911921783 0.3534674373417078 0.1298757459369656 0.9265163927921591 0.8893162237144319 0.1953128512518746 0.21378978958104633 0.049192199288193406 0.17636647370006853 0.50090463406825 0.5808661015280884 0.8513160262725804 0.2337915078161088 0.25525880262539646 0.7073158974993939 0.6561672988511479 0.5270107414575692 0.33206530298813997 0.5523958421545229
0.2621373296876863 0.9519014957703502 0.23771179250167251 0.9286113466275999 0.8098714659867535 0.4830058326902106 0.16029497256168013 0.9425686213899874 0.473912657205408 0.5172607284310506 0.5009900704698258 0.07433343510462065 0.44233442133924195 0.9924598254942414 0.6090896100244868 0.5207609579921247 0.09056655290850935 0.5274750435685812 0.5902892937563298 0.9297067467412442 0.016856121869509133 0.673644071721328 0.39212691567362046 0.9948408114212512 0.8448163705868673 0.8349256480588223 0.9880294340747791 0.4658610579499127 0.7605102692678535 0.24419386893667294 0.8298634012566584
0.6943089944922406 0.11375050233045192 0.9677225161248154 0.9691799973050115 0.13037004180494483 0.051836088082555354 0.7582521359531034 0.16479036476093112 0.6601202460017301 0.5480032756318183 0.4101174162247119 0.5258983598006263 0.5856994496156168 0.9298754183925346 0.5223617630049842 0.8726289704989854 0.2760167757574298 0.5562599689757587 0.35486149752351726 0.23922568846803283 0.4289562770371541 0.26509992676973204 0.5699745446177404 0.04640078195492303 0.7335734698768679 0.9788011440455597 0.39830653734603394 0.44541161282867203 0.40530429703068394 0.8224491574467166 0.935154629679719
0.019762140779885806 0.9267285965295928 0.40834878149530074 0.22369333591682528 0.8591467032913971 0.9077814844147036 0.8608629213830847 0.49664195874187755 0.3798354733890308 0.7647736268480608 0.47513952243029245 0.8226603562153914 0.22313109955240162 0.7228784427733643 0.399075811088036 0.2848116108937585 0.6371111039751592 0.4423360464695312 0.14414350975378287 0.013949158916021553 0.14789126063592894 0.22761461632711444 0.205938921111253 0.21756097658489815 0.7551484478009944 0.36287311709351955 0.41795500638366845 0.3000850432213913 0.4168516243970094 0.3819071747022409 0.08263298209987846
0.6668732814622077 0.9069640419872778 0.026621370623219343 0.45705715778478173 0.6219934719035531 0.518757710892614 0.6679212046164924 0.39173912957727286 0.7883829796474587 0.22910423370240685 0.22757417426748316 0.26140396394475074 0.1912902584381887 0.029765839991200527 0.8260297857885538 0.3241729649801006 0.6205633428298619 0.9281580099699253 0.8731846328821421 0.41035146314680515 0.21233697427064435 0.20504552221939487 0.8274271276660219 0.41665222095884347 0.3668204881984328 0.8459332093937901 0.19926533551641068 0.8856887485364869 0.3490158565344381 0.0954121210733393 0.0782775024755169
0.4468101471670797 0.15082076688926394 0.8528943877779156 0.5000540015387009 0.5124775033429607 0.5286434831362317 0.9246986113637929 0.5468466832409743 0.05822968126316208 0.050703336320580994 0.450102430216786 0.640582838550695 0.15588098534328376 0.3678782173275259 0.8146144046564527 0.5670223191768319 0.5321675779276174 0.3063060294885952 0.8928834257940761 0.9018243248363419 0.11535203183621079 0.5281506311486552 0.8215172390369936 0.4805947753116212 0.1768365614579609 0.3914352891710543 0.8177355072946341 0.548129902455275 0.5257069226222871 0.1855482181772733 0.5487199350100288
0.25206137547437035 0.30505137162066354 0.29115127300189303 0.08848746215735859 0.6799968814894023 0.754144129475868 0.4245216983925515 0.9625832890572323 0.17065341382635246 0.03679239854182492 0.5290038360527848 0.8445244244115876 0.2591646892554337 0.40092661229450643 0.8744236788842247 0.050947929426585103 0.19542949662960452 0.9040330852083581 0.5481382415580837 0.07015253638781938 0.7900348475096222 0.9913885317679462 0.4382193051317712 0.3884965067161017 0.5038105357144601 0.8265206295330474 0.7174858811432312 0.8135456663238605 0.7776768342477464 0.3535635052589935 0.6625826847146379
0.6331776714116675 0.006671023475266047 0.6598316958248187 0.09801763650260176 0.8095356461390737 0.2467579988455365 0.4462800657621657 0.6102793071241844 0.8317405241847157 0.21728138988709 0.472506883108334 0.08699733189787184 0.5994109253293004 0.0888950777118882 0.35274953975253975 0.9549985710983846 0.6971992135928992 0.8793948834713899 0.976273513565882 0.45837109022720635 0.3735697137494539 0.9341296690417485 0.10531131399380944 0.7702875707672835 0.43423724790594287 0.011443057656270517 0.4060216511779221 0.2406048147399884 0.8579032928468904 0.5516966816747632 0.13034107424757346
0.38413345287706546 0.4234385776898333 0.43501436033067087 0.11707567862511448 0.9738288090247814 0.9611870125171208 0.48191644082152185 0.8237016480718702 0.35126918802981544 0.8042473910252623 0.8369709485663789 0.8312003929422311 0.7573050148497942 0.5144311347437337 0.3937659727238415 0.16134829035770382 0.7598462010875017 0.31521584423332305 0.1501232664665818 0.7280369758681533 0.23517802640108965 0.16876439491925743 0.2919405454714531 0.48708695252961676 0.5109955124114614 0.42421729247375417 0.6774677076379483 0.6266021210512489 0.6528941234823341 0.6221843577974371 0.08125239687693964
0.27768042815321203 0.6623226637950496 0.6950006985265236 0.5979328009120881 0.32866859069732635 0.12173916569480536 0.027247558128528304 0.6605127001348292 0.9378277759597005 0.27491338115325803 0.45236308790738233 0.6915006692921565 0.5552927452684917 0.8873543899178593 0.6745480224191687 0.48101731687961324 0.32402640711063013 0.8099155512383915 0.8897641033050393 0.3660257021030252 0.7229658288266182 0.026213966612706807 0.9683804229441 0.5636957255722806 0.030713845899353887 0.7674518467432578 0.8884148022536253 0.6341193481489349 0.5322437339560581 0.5520718985831536 0.7742559579604785
0.9007809332477866 0.9564463816966867 0.5204549207001625 0.516695809924489 0.9672856082895416 0.8932723969602078 0.4837218565239856 0.1222646457447083 0.591358962655505 0.7670807584827506 0.9039653301211188 0.43682029110654885 0.7319911199162553 0.9196527016751956 0.31739773519838677 0.04281473161501326 0.25586250052441073 0.6344731776164271 0.25180924630893153 0.4576130643500338 0.030746943767156587 0.4350480632334125 0.8313261134239492 0.8406601925127963 0.12937531979257655 0.6127119691215535 0.7213429437513362 0.7204539859412861 0.32980791136516097 0.7493821349578502 0.23161801237165125
0.34946263972577085 0.3133886258569546 0.9836031214030784 0.4530957564075895 0.24980721520824412 0.93566894973626 0.5606879438670767 0.34387147098311266 0.23640735084045783 0.9278275049609842 0.24379279288858624 0.9001214574480141 0.8451633893619979 0.9343879443205924 0.03009172870493193 0.6851821356422941 0.4895017774039435 0.47837206674084265 0.9189719478464182 0.5205162151425995 0.4082122825083988 0.8429835490759069 0.7408411958562827 0.2191497123387407 0.8176407551977467 0.6752520480073927 0.3537021187320478 0.1316640949563076 0.5667876822037115 0.5352133419137132 0.03872703233255648
0.8281427758385648 0.502987031364122 0.625704350659958 0.49349452416921225 0.37583156734172907 0.09481429221482451 0.24215520548868608 0.5517271381412762 0.6968862378204306 0.5373365057393968 0.4795886548235041 0.6649305353885242 0.3360549780221185 0.4975802499726315 0.7039268510160426 0.2301129218792587 0.14330303275900946 0.5006737311065608 0.5803968590544104 0.05242082322293207 0.9513658802076237 0.9996365969600791 0.13986157841877234 0.31166680409260095 0.9355704263182714 0.03583359204035386 0.525358411131515 0.022716457803455103 0.7963412414553224 0.049699012875110804 0.7440482795767034
0.7715064709140916 0.43481879204774565 0.2317216673262097 0.6175776968935258 0.21771554241282776 0.89805628753044 0.8019491934434971 0.08843270438961826 0.3207509567640806 0.1464501516024579 0.807712110564719 0.8610262387264295 0.7321316580930187 0.25090272902806443 0.81079803701738 0.08268372469899676 0.030914206424053625 0.6536577518185057 0.1209001575900196 0.45305249468382647 0.6295611015716167 0.9462305744199657 0.02543655814035828 0.48137859145607154 0.7982311659803547 0.4632497886982506 0.8044673865457669 0.5213747213072599 0.17818061540170071 0.9931485036061811 0.5492798118204174
0.2778291496947517 0.9015045454509331 0.14597487677834742 0.6608008374061107 0.501799808782918 0.9173855966038317 0.7944350433055158 0.2363898162175213 0.24863760504129795 0.2587785376836391 0.5520766361098945 0.563234351380801 0.9135646765667993 0.006724106593624102 0.8636938506941751 0.22886585163401063 0.9352652539214087 0.7037639107335488 0.6478571376565543 0.3548364863648683 0.8671843831629783 0.3112966776117022 0.5487250379182598 0.463891608796702 0.33478423294338855 0.22110356976071077 0.8590453857341019 0.14234038694130768 0.20396224869553037 0.4631629970947796 0.21892215329820697
0.6954137458717715 0.9105986480080556 0.9874851884927306 0.27084575667379285 0.32738254291184576 0.865951253934496 0.13278930574861492 0.16282396771927288 0.43662804421723433 0.6138193050394946 0.24166100544915126 0.65522067285255 0.7994586821789365 0.5262163013499488 0.19578724485376708 0.2985527345598481 0.12636779071224447 0.7016696714058241 0.5756588074733714 0.2471372696740276 0.49030401187328887 0.7127788172527784 0.8334684079202972 0.39406643046745427 0.8907598172246902 0.0782528303965444 0.37963109536733075 0.18503725768414658 0.6136284285788369 0.7769261380440262 0.8393567967167166
0.20892695027065045 0.25484612049534583 0.6731055516651336 0.8734693126392975 0.6256324879004634 0.4958549331034846 0.4117843546815757 0.3818291604710552 0.12937267641957795 0.42022672474183653 0.47550979310078756 0.8557651147430657 0.7205483441722641 0.3610973392136104 0.773623564958765 0.9059948519083763 0.8379238770923318 0.7961155860311936 0.5596130854690806 0.19599472639761362 0.6449831899170387 0.35463888800883603 0.6325980886976162 0.3404451734152819 0.436313271271507 0.7940876376072924 0.21531603484646133 0.13171228965600001 0.12353994099345023 0.055645542951142324 0.690651997280841
0.48854430261652415 0.9849610048362631 0.06902412988447182 0.41593685125551094 0.21077946960141358 0.07372134979690603 0.6750577446449163 0.17422282548257073 0.18433553742402786 0.6369679504057502 0.5296547068523342 0.8300361512659747 0.9797180512524745 0.8907579379004501 0.038955516868378504 0.250702851721482 0.014866693124472197 0.4027910198505549 0.9148790746511896 0.13030959225815353 0.6652374475448135 0.18221631183529907 0.528853014319123 0.10563023180156206 0.06608668787297323 0.9879363005649777 0.5460769440376235 0.7609723249809377 0.29006599265424526 0.0990692533892279 0.8585404640514698
0.37044622615372513 0.32496674458155184 0.700091404331629 0.6687439398567242 0.17974663316778183 0.5873006180894176 0.0865839130877355 0.7719662986104796 0.11344583853754875 0.18807197832747857 0.5632777114524535 0.7144630629866817 0.874809827324843 0.5958584683135378 0.3424875305022138 0.8767524205629805 0.8241421379005993 0.00881123089177005 0.537751099492451 0.1349954615310459 0.03596236095693184 0.457798643477617 0.8077425578758245 0.4484668745423974 0.15876804549594448 0.7387734693708962 0.07651229813355709 0.9425452151253707 0.04751812557776036 0.752492280390668 0.4742918937274412
0.23986867177154625 0.19438516712919585 0.2000150494860642 0.743011790113329 0.919338565185116 0.7503062380886206 0.2273235198771183 0.7870504167791772 0.4895587360621425 0.44157694679059867 0.042071695332061454 0.9643675834835561 0.5274605643421054 0.94798035288234 0.007251182151506774 0.13629793804509938 0.27054129526473025 0.48113776407434217 0.5198140967948619 0.7921957264227609 0.5221798817451994 0.2591592317999236 0.8526984837475806 0.6764822985159572 0.5532118210386819 0.1642499353232113 0.7692781158386591 0.5890519396682208 0.40504816279200806 0.20720528444878306 0.2619457813395073
0.5157262524160485 0.08410320038618146 0.9900527289151083 0.31584468259098164 0.9422891397265865 0.05841677214677199 0.6939690562547068 0.27829858329058854 0.9972455123877831 0.7907324209325193 0.5124107408057765 0.34074414761913396 0.30464314774092816 0.7596018668792502 0.46832668844178804 0.9233568559800021 0.6937139199819863 0.6001018885194428 0.40105333322560277 0.355774614801159 0.40819972921133196 0.24694724132511592 0.1802702858596027 0.8740197526003353 0.09568408237846449 0.36402127114267424 0.5845585629664148 0.9886272872531412 0.08565890716173219 0.7535239440362421 0.788163212923947
0.5954016262445776 0.3017172484235078 0.5590199815245013 0.37234503150766474 0.6615454417112323 0.6098660298876069 0.672650012024045 0.7087116594827434 0.7021013007257894 0.5706651080931172 0.5080014024398557 0.5150576049922869 0.5578484150348616 0.11433374884957281 0.900322364325126 0.7557741601471274 0.8213729307654574 0.7019300829054097 0.7546868209655517 0.04954698481216191 0.3259074002555017 0.9031825842971537 0.6118974905498441 0.5262713496097494 0.4902853816345122 0.7807360680729502 0.39847676462101655 0.95280654609238 0.2552642810288297 0.13809653514925957 0.7399785637944299
0.35181558254779455 0.37880799850001645 0.0619580999706667 0.3399194972646731 0.817480875435488 0.12448731934982238 0.49019593803485106 0.7410399843034241 0.4031639214582604 0.19333092521372186 0.4875259024971761 0.5402037599587655 0.34587898127502537 0.9837000768904324 0.9769896147761182 0.4529496619438329 0.07966046121602044 0.2570868132294335 0.19027179787203263 0.30965419046940323 0.5718249450835254 0.2712506861266133 0.914828268758674 0.5334636775044881 0.2133507852081149 0.7664631706168217 0.23010292967515777 0.24380870119524756 0.09802890500434935 0.11864437949033546 0.7313111390854564
0.4274989045930567 0.2030310299009349 0.7297282748777795 0.03802726678281998 0.746582762328319 0.5972073246673152 0.7175912202317364 0.8738066856080534 0.43230478754298396 0.34653873331102036 0.3204551229716328 0.7859464042537426 0.2816432588741564 0.7339025741457795 0.25342403115832013 0.35411152848902294 0.16545161821055476 0.2430176168228967 0.08627090468810117 0.32898049789435335 0.014480178736643201 0.7202929672715321 0.8440759965567399 0.8482667408856956 0.6201222702758248 0.5548754623043036 0.35456131602542285 0.36623867949657174 0.5110220623638084 0.8323075553068371 0.8752826323191497
0.1611172294733184 0.6324824202331234 0.4639927105442141 0.06531849979327509 0.11159519832200626 0.11878389647373688 0.7895464935299336 0.6449602205746648 0.4758888596363926 0.9751197687543398 0.7285999465911096 0.2858696217094572 0.7771912242947064 0.6797773106072692 0.5957531172750319 0.48573922804580116 0.4595236914963866 0.18866632611791878 0.8814213497695368 0.6635760818717091 0.8518616670440586 0.5173406913341562 0.39166679856186315 0.0028261963212697916 0.6458810158669489 5.0456691053413216e-05 0.5649034359583769 0.1232169997185244 0.782085648601201 0.4881814003988456 0.23535042207283952
0.9233897533276209 0.12044350368484369 0.4636674154664273 0.9462612176913834 0.0521523455070686 0.6927371012619328 0.9376701469311761 0.9514521084324858 0.7143890046557249 0.5109107792599245 0.15005968903934863 0.4283652957360006 0.7364887127494838 0.8129761702989188 0.779335565343235 0.6489932571354331 0.48726376377735814 0.9636764114318821 0.8717605742104494 0.583596670422595 0.03759934451972735 0.9521068839180173 0.8702768512803776 0.17445565344688585 0.30403417804796096 0.7668910832461399 0.3554207597409409 0.8521515790112292 0.1348494042119045 0.21312016725674376 0.3253714326506132
0.4865209905116551 0.37188111896992326 0.32378776661755604 0.3009989450095374 0.6738346440079923 0.31224302185584163 0.3248255559022425 0.20606914207398475 0.8248209022187319 0.9039205432588635 0.13483253568921583 0.5238218981276809 0.6001675023062991 0.24112387760507115 0.7627250048936104 0.7732718968162572 0.5702318468808362 0.03998589527437324 0.6067524594285542 0.5715513285740298 0.5908761355043772 0.025036745096517543 0.4086799096445377 0.31855890379925156 0.10523311381598266 0.029612935350496916 0.03382604372221343 0.44169079835709935 0.0581786417735749 0.217844616187299 0.14897717070777605
0.2231825106810208 0.14576881760451554 0.7226369641754276 0.6990656504046605 0.6980013582303272 0.9166812530278898 0.6581336832749011 0.145284180040525 0.07156460392853425 0.3920321114461245 0.5714865720407 0.21969484263946715 0.902293451354505 0.579716221114548 0.20542438210343816 0.3912486563506945 0.011275822178312023 0.06583273532021916 0.8852585290880577 0.8375473353150977 0.8639839161765887 0.9478326864168425 0.9646996171962422 0.7556234373205483 0.5218117596918248 0.7427133763110119 0.8068473192211502 0.757042618927041 0.8146203101001896 0.45243515118399436 0.2127201939008403
0.1664905068790533 0.9175141358953548 0.09914700471519788 0.6888330948867298 0.5057238965227627 0.747260871981578 0.49210582610349063 0.20297323660177047 0.22527855611419279 0.5162567680730497 0.39592931593382497 0.8471646904149199 0.9300993675989618 0.930062269855479 0.4295553357623687 0.2475952841625525 0.8835010877876737 0.23794807939592255 0.5195370286989522 0.7350745670180724 0.5578621099374321 0.496389907151201 0.9104732696385627 0.9009357888622805 0.2075223267680847 0.9922986596487567 0.6647579588200847 0.9347361000684437 0.2789034079253916 0.31269021468299707 0.4485447618140469
0.5811828389913143 0.4933660883252965 0.167059733437807 0.10657248100529426 0.4668253617579101 0.20591580177018776 0.2952919795670611 0.9089120754581559 0.3463940270939343 0.2098310836829148 0.6721150616758056 0.833057268122322 0.5695594939269967 0.9337669969453142 0.6375538750303335 0.8161496994331917 0.8880337408584311 0.43789991914168835 0.4150380696014677 0.6132965449201961 0.2000978002361996 0.14116329756267965 0.5129899350623737 0.3352810975245938 0.6849899780602602 0.5299035776301869 0.5624856638962454 0.2568326735321971 0.749622288968193 0.8660212647284249 0.90367019321081
0.8192104304151037 0.5330131066197847 0.4719432200348256 0.790823590183051 0.0220212137154846 0.8188184608333656 0.32402634740114533 0.5465364678977992 0.8767831317398294 0.5343320724366327 0.17081772265673678 0.6728972708519718 0.5493909624047879 0.4868262336455994 0.49197248881353206 0.9247154497610929 0.17808014649026305 0.5536299248748914 0.4352949953177886 0.2603226437936994 0.5770772693998873 0.008915021777457066 0.30520277931596673 0.1521360638419259 0.5257047621481046 0.8392046741315413 0.4242581677936327 0.2747764648608334 0.1060790702640112 0.7464600719870067 0.8351047155073165
0.7742515465076539 0.8472202564928487 0.5951964474133994 0.6379816590043691 0.060744073153054745 0.670261022787323 0.5954884158800288 0.047648376928299374 0.21969810395228462 0.23735773696228424 0.07103816149119158 0.49911867168711743 0.7118043361180941 0.9386262840215494 0.29260033604787195 0.8576098098666073 0.08494319842934528 0.6181954987003111 0.20440341440429555 0.37342654833039046 0.27658481338073415 0.08514989281657748 0.4693686602739553 0.44784889952559803 0.5533699407371375 0.5436268358151843 0.014417580324394996 0.09712779094265711 0.4342230683164565 0.30636923295487206 0.9859733431536604
0.40125120227379807 0.2968244968019049 0.758131010413449 0.35215764560180296 0.9665110403316708 0.08749332201401938 0.6549300601257902 0.10028653974462753 0.5050456219740617 0.09372054846616584 0.10012956230782688 0.4811703129445347 0.46890800180908465 0.9743943096339169 0.4676954579573114 0.499525189874929 0.4303378551104923 0.9370001156717293 0.3491589209605225 0.6532096324579306 0.9134051007821495 0.20936446507238227 0.8269692534035088 0.4683786549212311 0.7123125053404943 0.5324028166026339 0.016843640359144985 0.37802768389059493 0.8786925149224387 0.9536582869694304 0.25326420799266547
0.9042067399718396 0.31275977911274844 0.8031496966328774 0.6940156728772752 0.4926308236641028 0.17338320804700869 0.5927260662028252 0.28585724977682603 0.5243670593540637 0.38039267296901214 0.827045314043808 0.8094827331613149 0.3017648256805785 0.9137592436387392 0.048039558399594284 0.5153081354553191 0.18537531645313898 0.8146629789289306 0.2710560371489654 0.17666375076067797 0.965718703119065 0.6503095528649415 0.9188898975068066 0.2000644809798584 0.09481062854891031 0.12642455439536082 0.3864542985115369 0.7493760891302088 0.1254413020197972 0.2092383235699985 0.8509539129605203
0.13372524949556397 0.5857496289445097 0.5025526103961963 0.902405868038132 0.629049237691939 0.6889662176856525 0.4944324532336829 0.5911612353867534 0.31924078481097573 0.060948447432982 0.26383027453098495 0.8523571238066574 0.07775511171654415 0.7128466056848627 0.2079327348979374 0.7174994093856317 0.696449715091764 0.8914284231338823 0.5655597012907447 0.4187980610073564 0.1670795598056597 0.26948667914960245 0.7846995902732107 0.8921304567320052 0.5553376726152361 0.09856457285591025 0.17940183641945873 0.29745422350895656 0.11935797891376432 0.9639254680009501 0.8752264221953207
0.7103393451325825 0.04877855981938517 0.44141961873199365 0.34945642082116546 0.6584481341303314 0.5710020912996252 0.6997299685758941 0.1747490232854293 0.3565977731498524 0.44631655583258556 0.549495757038926 0.06402406200783661 0.7476669484293124 0.014373322865096516 0.369072027344562 0.1326447710271702 0.12293913715235139 0.27757267612417735 0.8721518797979526 0.3310497383848273 0.4030532504104781 0.8547873668489473 0.14494449935004905 0.7496559979494338 0.6105594035372237 0.15677480478217642 0.35167225660486456 0.36266056827114457 0.11011314071340572 0.24146828247990282 0.2602234302396176
0.03841795223470734 0.8330759621336424 0.8213408184555102 0.8072588844818778 0.3831978025768348 0.12437855924356334 0.6745513789323768 0.24867245298864094 0.1389269588416463 0.9944773090957939 0.41477042283438526 0.16642395701529789 0.9498324738978108 0.6174536885235796 0.19163271247130054 0.0678760351413592 0.58998592786622 0.9042569168615952 0.9182964332418013 0.43928074367447856 0.3526118579147355 0.08057760158639449 0.5256921994692988 0.6058118386392998 0.766880215457918 0.6433229469402584 0.6710912066506796 0.23907371231137786 0.5182693320285829 0.9049030737350872 0.23079974631559452
0.4547549282535158 0.24865392895436633 0.17271521981400517 0.9248783678636773 0.6923004547356504 0.7419616368921798 0.6747666852264287 0.11750271568967385 0.869897080424265 0.2947030410974403 0.5787794423913195 0.5983722676823461 0.7146902777954931 0.9349286198252562 0.5545846033779589 0.3578496745559697 0.4359250489856681 0.32706604046282806 0.4244294096680936 0.7513960556561543 0.9418843329621532 0.19262247741687288 0.8729486920038455 0.9679155185226009 0.08144068611565392 0.7804080591181367 0.2220615179324532 0.887857757970823 0.1703404518738949 0.782575516663872 0.529714137939295
0.009303677084075312 0.17926289857953082 0.9494862251233245 0.22279487559217803 0.776844680990734 0.23738010591393277 0.2953129664231958 0.7805021541480724 0.38547890245851635 0.22294254577006933 0.8047522276739941 0.689770407584536 0.9436049396495632 0.96322126384849 0.5883881345098453 0.10886343666433207 0.683471356112921 0.13007981075574337 0.5328122944464018 0.22567404820432824 0.7937721687360748 0.7979240884072605 0.13432581162033663 0.25594455325980536 0.15650686145936077 0.9747773653455932 0.5588543525002841 0.36621090102812504 0.31194051756556096 0.06705435281429672 0.317210093742746
0.8691254570608259 0.871798780317858 0.7763564083789664 0.07575389780586173 0.7604773658343539 0.7808863852266149 0.489399799358769 0.24742586641500852 0.8808182798361879 0.8054477066076051 0.050906554754967304 0.15974174547066544 0.6540347329029209 0.9578778788622837 0.04662115444802817 0.5989323478521568 0.9002318114436855 0.6646081609870664 0.7438117730528887 0.4045733238554796 0.5026711258451658 0.32511211312867017 0.3368273160256051 0.6462100894954163 0.8910336586498965 0.6206262245858701 0.3630981438994043 0.18238970496163864 0.2870633303210861 0.19273013195430866 0.045315931332392645
0.04426514818476546 0.8271652123522819 0.3025330993411308 0.10210925610485733 0.6468613323273832 0.12889663766376513 0.5855192817027178 0.6674397317262639 0.7352139621301229 0.27024089469308266 0.9098504001033785 0.8099122326441374 0.7978049178403063 0.1249791669427579 0.5664474207219523 0.8019594672138245 0.6730568989327502 0.31465487127638114 0.9343941857074883 0.7551581601015446 0.06203883775720287 0.62691165174773 0.304362469301659 0.2382526506814031 0.36060934007746415 0.5372722784731218 0.11605070591747346 0.7454985782666242 0.9179654807619306 0.9659126991792937 0.8032104933432509
0.2811160485977262 0.7956566264695718 0.7630131364343805 0.5813662417903858 0.9450984269182476 0.4920737017551835 0.06516638310779288 0.6565299117575921 0.8619886037257567 0.27677628798079823 0.14816471166450695 0.4724377015184642 0.965015436201538 0.6313748135316857 0.6668683424250424 0.25834523093199324 0.16578466936890046 0.5162146345391706 0.1898881664911818 0.06456870422155114 0.9084004986893025 0.20462690379363013 0.6801261651917392 0.003285574406039826 0.5360009806755778 0.0675810515669083 0.5778082036349755 0.15401493447196424 0.24307184423350037 0.9642884751420848 0.6987510668155543
0.08868614613192372 0.08855326346892112 0.9126317222353336 0.4702389701573527 0.7123915571215642 0.0711633649838388 0.3624045335222287 0.20107082512685104 0.36802627319081627 0.435621317532912 0.8085937021659189 0.12354582206015463 0.8954851195466623 0.22711377662675825 0.3118719908709848 0.24836257761254188 0.7585621538183879 0.04110239509531899 0.12253998505784802 0.17770622181677054 0.06427684475538697 0.9436171274142455 0.41363409688738384 0.8055552484402244 0.5429351915425548 0.24311905102028353 0.2318833601466358 0.9947344098330471 0.9496027834429002 0.09953225197841897 0.6994863051439061
0.39795510238660625 0.6817014668588313 0.5375201062406878 0.384873663934737 0.5704153525219766 0.5728280216919793 0.46006129184563627 0.5853100419670757 0.07284885299643884 0.05223629028313992 0.3902269240291042 0.13029310944530592 0.9110765639677924 0.8944788886615268 0.33144758983240685 0.9891970157945401 0.5334841356252538 0.43383306015974665 0.5591744214693528 0.16818851415044211 0.7070544725213528 0.49214752673862217 0.4010858611421403 0.8791286545684669 0.7659784284763212 0.209617622521179 0.8906785549932281 0.5682140884230735 0.5045989318108236 0.9995683706790256 0.37840612776190274
0.3805034795896307 0.02479930810404518 0.1724126761530691 0.8119227068743516 0.43157122250598223 0.8337156174157843 0.20221337344863044 0.47265300780514663 0.3335029468131613 0.2012257869618823 0.6531630728364259 0.04675224509944187 0.7055230793307281 0.7763932700874994 0.6574272544324633 0.6218708742949692 0.6133948563442946 0.6052836073600746 0.21879790910114483 0.6961344645476547 0.2985089181958567 0.6416451173551484 0.6874683120028959 0.15943477505283843 0.4964090873979282 0.7713841460559099 0.4793714511134586 0.5850508695278647 0.14820467509416013 0.3106644498052997 0.12216555626788228
0.8272016348338311 0.615441198282773 0.4249995875210223 0.362648602840262 0.9148750653344639 0.9825216859201004 0.8443673480605445 0.4252703681338159 0.42648687741903546 0.17720747235040546 0.5101516325604554 0.2981478110667318 0.3048038628880898 0.6369470150637185 0.2991558919406806 0.24159712702509173 0.33075932725383084 0.35198865228574794 0.5774890689388813 0.6841503688481761 0.7174223974569083 0.25134811611583874 0.6589005489875537 0.8580466275150205 0.7398765438845525 0.6204813161994678 0.23198470618710898 0.3026451362839504 0.3875719440393478 0.002233610232010408 0.2951998806705137
0.618500085574095 0.8367549601808117 0.3025656782644879 0.49628772389660825 0.9062452946860436 0.06693766081483365 0.021589933040001785 0.9312587846654764 0.9405343328318972 0.8295397766342647 0.8464265287273581 0.3993349340515605 0.30510956386800325 0.1870512833386454 0.08802815033906419 0.8986282474060523 0.6471582698713971 0.7692464083052784 0.3483726932489978 0.2865880317348576 0.7930404617396006 0.3503238408785523 0.24457770531073253 0.13907083518974395 0.2218927989141054 0.0003674962938700066 0.8702598445143616 0.866740393975814 0.4112960125643055 0.5726409415768284 0.8270406414878525
0.7626202494439774 0.6886986678610947 0.1660803500305853 0.7323113192830275 0.003172190115494744 0.15422506330369368 0.3284797080146318 0.9727609791312223 0.5375753579088176 0.34539452199038556 0.20874344891176033 0.6101467528253409 0.0009233770788604767 0.03422454227198579 0.8706019879513391 0.4369539596249379 0.5379191007171025 0.6408788427383458 0.30577051635981845 0.21536921200990167 0.4264450556574194 0.29753276662729633 0.6687517484180066 0.3311537663050038 0.5741864026372285 0.6471609754723692 0.3673438974519325 0.4987892038716907 0.8063721449735344 0.9235211856814413 0.33473891967581715
0.5962323470154202 0.4459964894575321 0.7295716342964575 0.4694238627300076 0.16436562713486347 0.06508434820273301 0.6076658817446057 0.6663071766600591 0.8457538332021729 0.5440598930827496 0.0012046638842180268 0.7031073720396503 0.02716003590144067 0.23426636516298127 0.7471023066085102 0.30772752064762443 0.4875041629666972 0.7039269455825824 0.10739345092686081 0.6304076930050765 0.7762250283219019 0.13194914342196584 0.6680105272583728 0.20900976763578072 0.7812293592099652 0.8482497980339155 0.9589389978119899 0.19029780221052506 0.5226272952163584 0.7708720124885493 0.3872135844140865
0.8896983614815989 0.5681151618887164 0.3733475247571797 0.3756593791092755 0.181661812312372 0.6125067418095859 0.030999452694471907 0.6119648331512637 0.45417191704257787 0.059962864353644285 0.5994534918461519 0.630921760701974 0.570998695010434 0.05613227485910055 0.8634470916685766 0.40732057947530687 0.5385696587089434 0.8089245703277952 0.2899304799836576 0.8410495633069694 0.661250094482901 0.06894454274002049 0.3560242130250426 0.2888491071510063 0.864814253859981 0.4439426408088992 0.2251127210766054 0.07974703300124109 0.2942228803120237 0.8469929742016588 0.7861388276562068
0.04231069457903058 0.07030255050932455 0.9422376497504504 0.7590321788167815 0.09852415548857707 0.9209718169685265 0.06213919057929018 0.7481675815478541 0.9987885939881682 0.5688111947210979 0.6137226664502233 0.7923403225127579 0.16650341046026074 0.2727950737070749 0.8600898638103724 0.5356248073006645 0.038779131038153225 0.40002377899809494 0.7737741719591806 0.601606090168174 0.14665720799444826 0.0699420862393858 0.1174740348138067 0.7226608392394273 0.6473742116351623 0.08175849735750251 0.976672613765016 0.8168020078722251 0.8831722154535179 0.4980147233026827 0.3892955513672297
0.8403542997206112 0.812193921302476 0.7643257932418587 0.229672898180457 0.8075668802958084 0.2991415992708195 0.8317111937635023 0.7516610436404834 0.037953998682301204 0.630328712246124 0.7071443193622524 0.9047979607015048 0.08072861370678786 0.00215467060773622 0.5727015906949073 0.009177654576902672 0.8078041572374014 0.4778744833332992 0.30545323731540575 0.7515235307984264 0.9830051973417548 0.9219420440963553 0.24522355525869255 0.34652054261133347 0.017346274373103876 0.745751278618718 0.6407655464342024 0.5290021259878628 0.6474200755569088 0.30977260970382037 0.42823129577873653
0.7193466685218689 0.6324155619202425 0.27391524070135564 0.7117964844285691 0.023801879744719923 0.32196296373325806 0.7808487869909913 0.4089957392923589 0.44478706660563694 0.9311192740175851 0.037015124468697036 0.9407186314680983 0.7838820549367621 0.8918146397880679 0.05177326515376779 0.1750819901855888 0.2425760742419628 0.1587904183030494 0.4734203471200955 0.9176855764714846 0.833233604530685 0.1441559565994387 0.5293256980069381 0.5057237913528054 0.12116382329595288 0.4169786804637847 0.10655355418401413 0.16184211440948304 0.11622778018653024 0.6592612969820422 0.8009400566486962
0.7971858590006127 0.37766596164551947 0.5042381874790353 0.0565554397338065 0.21688439225028577 0.6627299459265051 0.7649537537812777 0.6437804119297724 0.8680188482615803 0.26874275392053837 0.5566280636324887 0.5765913060340526 0.613385738158765 0.8387417815528921 0.15476788623555848 0.7648909310535099 0.5964144110149465 0.33179627881235785 0.471599489230458 0.5006335581165469 0.22765169128153584 0.633073591464125 0.6090952677579049 0.7803440223738819 0.6428230665558473 0.16038117646409855 0.21663039355324798 0.502447636429277 0.11939550407468857 0.7482118764271105 0.20801251390893283
0.9778176252549471 0.28469519740940874 0.46813170249815295 0.2450461608190171 0.2537531605625035 0.5745665241568957 0.4000031540621761 0.7163474720886465 0.8451008913686283 0.52982993841827 0.9282952350226225 0.47694115943046156 0.5887721425048388 0.8065988516671124 0.021628758708311713 0.8880245268498054 0.9945374909636366 0.4755357397060447 0.8686690511591119 0.9359259535289236 0.3766872438186134 0.7322180417150901 0.5383865242403156 0.629024123007928 0.35377373959923764 0.46104754161520745 0.5770208896720871 0.9336666568713963 0.1802153826381374 0.021426336853838213 0.3647915642761709
0.959289008336892 0.9982016965317209 0.4336450310471428 0.9100497795487914 0.16160248104187314 0.2836008174596101 0.5655542389781248 0.6039692473128457 0.4336210163167905 0.3249256694178567 0.7947194061898224 0.714070620259294 0.7214973302836387 0.867220125175274 0.5684526829219964 0.9519302594580225 0.5357023955743847 0.6677359214923534 0.05019619785629392 0.1681297696140649 0.4822791206429964 0.05970211149688265 0.1754385778623545 0.4142106398423573 0.8531799812685696 0.871575643644201 0.9955099939057089 0.42688917827104833 0.40273155104150793 0.2932213312838914 0.9475355515256217
0.45092626310791095 0.6004001881979685 0.4251970565596147 0.43040447683435146 0.6409177860639264 0.6222055758884715 0.7118695505233268 0.19751013573815956 0.7404262299600125 0.46474024161227345 0.10261598225580704 0.07847970294020867 0.13957179434326683 0.25371106267623866 0.9690042412803939 0.9803529974861108 0.49215800032795487 0.7094896631409043 0.43113488721290616 0.009340684614760009 0.557637887391478 0.157274611277048 0.5746196314020784 0.23707717873977385 0.5616900839227175 0.8101368447372522 0.38086884315859304 0.08466904703842992 0.45591452765374985 0.008249281797108043 0.9595415314839199
0.2220273232831701 0.12286830303758423 0.32656324951340787 0.7060588715127921 0.5808142156289354 0.9284752215257575 0.5780500180745878 0.19279121140084643 0.5858628809828242 0.8351642730587677 0.13976900549106808 0.8251203873279853 0.7626658705222311 0.12996219709181078 0.38785677819773745 0.24643870501254295 0.6721452495636471 0.4346736984640318 0.7400527552917021 0.27513605232799165 0.23169936778451505 0.7852334011021701 0.5870646603541545 0.44693286143374444 0.273186432460261 0.9438796686049891 0.7121440780674186 0.3054958909981884 0.16651585376754574 0.4562487445970138 0.26119445114915696
0.7133488154456102 0.9241231473270529 0.25571798231036424 0.71860024316665 0.16086650923261037 0.32592375866459666 0.2370851478166427 0.23296299288068556 0.8663740546906934 0.20320039594910666 0.7244045478150455 0.6586279786132649 0.07023719611538337 0.5903269805217222 0.056227644422365386 0.76755424925874 0.40314955447759293 0.6875945642872655 0.6766918040018649 0.6863418485644801 0.5828948380137984 0.1063297096008956 0.9661818308131137 0.5235364585115869 0.7427093242803564 0.12238277519219987 0.4432693243553142 0.07055754980050877 0.8812952603851739 0.9740335799618963 0.08533792012565933
0.6632406728535922 0.33532635541769973 0.7662475853772112 0.8886446267064826 0.8143014248882726 0.0566231652924567 0.0604774890226758 0.9460900199144522 0.35062106508518653 0.583605643497248 0.6921053106429323 0.022251447940977442 0.742833356036771 0.7295161756547639 0.22637961174679166 0.48510032833197325 0.7834014049435337 0.04196395216465476 0.9846010910199263 0.6582558663754773 0.5332469157638138 0.4730505356278315 0.8951473503127275 0.43053927348358745 0.8614887772439919 0.186397361826942 0.9352307710227556 0.03842338228771225 0.24833858164943146 0.7558529697348659 0.6288728495286099
0.8621097814705315 0.003290794648488582 0.26312713984497293 0.44946918053726326 0.8738690452128819 0.7975593059342033 0.6560084461600864 0.5128455925572882 0.6767160561926162 0.9785502886575378 0.5967801759976782 0.48641387863209506 0.9494732717055681 0.4447992138855661 0.19594454434401387 0.03568940142461874 0.8227299730877933 0.7612415854672697 0.618093795040266 0.0014573698141693292 0.15155151734789418 0.28094867045958594 0.5222590405114623 0.5741295184006735 0.12507422461217055 0.7715387133145059 0.22492832995758028 0.3818121984492061 0.6649537210391198 0.774919313490734 0.3135161475666677
0.7893849769204875 0.085106607169398 0.04586463718722722 0.7675290882747509 0.4331993221872029 0.9297422821887354 0.24438611205521577 0.7819428675310454 0.2860339909245303 0.041953617015699884 0.07753589487598134 0.9525257325206244 0.5494033675740829 0.18830972019622205 0.24559120584117833 0.0717876746366155 0.4477026777808675 0.9113334094743847 0.535123972378857 0.30776095026828254 0.2842908913800073 0.40505047239350167 0.7227399415515061 0.10657957959404951 0.659389804822813 0.36757421711517924 0.21837110800333426 0.2617789231915335 0.7311003567247418 0.1849932883225267 0.9161379720993357
0.6759463423980195 0.1345778457743233 0.38028408219593035 0.22068982260858883 0.5565724828665563 0.4999243628089114 0.8523139175984127 0.3518683686767289 0.08086118855513813 0.7591053311584418 0.30015642900362705 0.5246978544936821 0.6436929854866459 0.6388612361069144 0.8720024644682026 0.8605926625472891 0.519812654949273 0.09506825136476027 0.21684948855907438 0.344105271996217 0.7597773347738174 0.20862247705372772 0.9171274065417332 0.4761780369384482 0.30869318111297117 0.9518410244002458 0.18219505269481173 0.6372722503448407 0.1710426952407259 0.4714489639207058 0.6095953362903554
0.463504259917479 0.46025814152045263 0.31563634921357187 0.15195668906894233 0.2456939954292654 0.03757466429722811 0.727958338502591 0.6381019105054995 0.7820336897719876 0.3169964994993729 0.11717361483805144 0.19781832820423328 0.4673987816995093 0.6328803599066068 0.042772312325377704 0.47265533244915203 0.03735457925939911 0.757591825595468 0.18501985517720831 0.5612297533819297 0.379568167068269 0.8101540993348572 0.8307346311987563 0.8184582678523732 0.990771253280719 0.7290268699264385 0.4830126725709226 0.456256831712365 0.574070244330341 0.03566544095662527 0.2683891963835867
0.5144931790715561 0.7593483282739677 0.792066751309622 0.1252348306379335 0.15821592152654074 0.09123311791130961 0.5315727059438544 0.7336871688629502 0.15556118860517187 0.5107056076975997 0.3310150354952631 0.020059402694153627 0.15767380926596186 0.7038721076323523 0.1134029367925653 0.8225342219461663 0.5586535835858327 0.09545929825357657 0.5042486397398016 0.8704317800247201 0.8808882265505388 0.8729254501479634 0.685911293077709 0.23918501488329413 0.8129392450544276 0.40086586229255605 0.5621318332380251 0.023130844433287723 0.46845999920311576 0.9757792585786105 0.813006917587924
0.6010242673728071 0.5398468387257839 0.3891744325452241 0.4512191316142482 0.13153182745730396 0.5312796134210603 0.5162105563440615 0.40667833274941034 0.3347781690085174 0.2688853276651454 0.7278423813872296 0.8467806835309759 0.9450116187471834 0.4661222665009921 0.7462039249354909 0.9272101415174892 0.9209295076852443 0.7481588445353379 0.033100912167978835 0.22050883695962076 0.8021951146015652 0.7879603801317393 0.058010223238155745 0.41830656490722806 0.2824390290813019 0.8873674274686016 0.36933893063012346 0.12362197218036253 0.4237997130118081 0.23493447593151684 0.5426539517920679
0.780264539597339 0.861482676975166 0.9440229643375941 0.912134294968715 0.32541798519764153 0.3303861726532973 0.12135952178198672 0.8572830909306391 0.03937943782325726 0.9509578578238448 0.3350675681122196 0.1338959881108639 0.47700142310692994 0.19712087408047407 0.6499669428678679 0.9710635153831559 0.5774863719951719 0.2960549999614328 0.038561700549471944 0.8648794421657396 0.2352091217116119 0.017375164687656097 0.2615411515545202 0.897394590923767 0.3848480256536174 0.4819135240337601 0.31713652936669534 0.09828222910666418 0.7353597813676725 0.18716182520353075 0.43892423096370214
0.25286852659079584 0.11266180211973331 0.9925811302976872 0.3347737365024882 0.6066456775448297 0.8970456004750361 0.017359247599208594 0.2555153399685828 0.8099978390273358 0.538198177654592 0.36637811676348186 0.3856061496115737 0.6197715324183173 0.24197667304099757 0.09860863515902307 0.7207403230840133 0.9791917205149712 0.24441972668237488 0.7349022304104817 0.7812365055721698 0.017694450529789574 0.32651799487304933 0.7658032282302537 0.2346952335607082 0.3784775528795915 0.8927511607298376 0.20945127181136036 0.5694406132344892 0.6488336697927024 0.9255139874360437 0.09871109101683906
0.5956288791188523 0.21106760893249998 0.4176344372570332 0.8291902530312258 0.18034463897724218 0.31720674724674025 0.2578768495892094 0.25921244429642043 0.07290638266365568 0.026373070620392625 0.04512439203792151 0.10823110540215497 0.10042551558417223 0.5558077687041442 0.8927683923252325 0.11937334293948676 0.22531330723118903 0.6308810547179329 0.8071282035736628 0.04025535638965072 0.09550567465855286 0.9892844368870836 0.5763078426822487 0.7881663333008524 0.13117600052708378 0.19821671581378897 0.8327284991668435 0.7872433638972736 0.41455018605547334 0.9836633330347555 0.1343846190509046
0.3128401241904921 0.7187969571826281 0.03892141827176354 0.11178110177483824 0.29230424241229225 0.0049643589828717305 0.9614074664906198 0.038861278626653006 0.2617752278674863 0.928286872620014 0.2698213569647764 0.30170867754883224 0.6149691735588421 0.5768546552668639 0.6425094829623412 0.024650187612870744 0.4213237826833265 0.17766452739915128 0.32325058117129146 0.020347231330465343 0.43447775680751244 0.68173879882074 0.0049241636236431185 0.20100218936782088 0.6421672306124465 0.6788408309797181 0.5430928813342275 0.04430677765209223 0.7591403479523992 0.48355715588287995 0.704171926049638
0.5487011451469465 0.6996345355324751 0.33188661483909 0.9078037832392922 0.8665432151320961 0.654501438919289 0.8281552272049204 0.5410384173975383 0.8212465560822063 0.8426197651113093 0.828943979198443 0.8259189551553512 0.04970547684843962 0.8946140354101126 0.15477280504163593 0.31914271412530293 0.6639039132096851 0.5160880079103585 0.9523868718518528 0.7816546821922257 0.20403669227483712 0.513260927065058 0.4866188146591578 0.46287982941254224 0.4633985650703002 0.1427620224879803 0.9200240257821766 0.6495565728843636 0.2425830987387364 0.9611560858660757 0.1280790065930173
0.3617644020473866 0.021828894613325822 0.7228212863153824 0.9132152381936597 0.5607744260430372 0.20588398017114606 0.11687875656960867 0.8501926752426495 0.845334379065831 0.027209548948749385 0.7118987032670329 0.7819885046921943 0.619464772258902 0.543125872383401 0.3680419579004368 0.05239418063792722 0.03466532935110955 0.06553563912536264 0.30763312179666036 0.26257530289499775 0.8273229914777445 0.38006649050881014 0.7890519468079127 0.37943724609411655 0.7539228784871327 0.39372689326218546 0.8511626053421998 0.17671527224787364 0.765770316017502 0.1449075118025538 0.4522121999236848
0.9545420992704916 0.9212252368960437 0.3691993046404689 0.2541112630691176 0.5234628448839778 0.04348600990479745 0.36397926557548965 0.6973096437604471 0.2842070887815702 0.23755460469996192 0.7188769402466861 0.5668273594822775 0.9446091558398837 0.8474359790413746 0.5425537734671189 0.8472119885349724 0.7644590990380201 0.9891721620892706 0.8164896783880106 0.7451150905509284 0.4598896623388238 0.3347165797344338 0.06493316627182244 0.41717767827753904 0.2629336657533511 0.841908258307104 0.6701470819278047 0.8415970338951363 0.8643986409716108 0.7224800821999979 0.43843208800261346
0.43995487408442324 0.45200871687239397 0.19739434676826284 0.9056096711057023 0.206932684499595 0.6015774450176001 0.3594998367462482 0.5982386240156965 0.2376255125986355 0.5741782611700852 0.13445971405044577 0.5490019810728348 0.1505553747301811 0.28142644054889676 0.5005636210491529 0.3644690946022823 0.16740545509509697 0.05346524006660136 0.4793008341568784 0.2664065553577183 0.773504486688403 0.35371298182224997 0.3972036704780304 0.7558669774062101 0.9826121270329364 0.66348637748413 0.9132084975212035 0.9600868197861347 0.07028307770228126 0.9434852223385024 0.24835871024721978
0.5248022223269072 0.19298931709499778 0.0941777463745972 0.5095597210920912 0.16045077245139017 0.6535908838773019 0.775087876892243 0.018440927926008932 0.7607117858565066 0.010439225180575606 0.07291886275627746 0.04329075124394943 0.08995611233563516 0.13293606100826227 0.9650807475843524 0.5600012978761096 0.8153126900164868 0.6209117551826264 0.08041539974909018 0.8479424878196229 0.21920039422877713 0.39388305749113184 0.38891015269374873 0.5317952378008318 0.5067395519719112 0.1411120606883114 0.35299847793320605 0.7205085917390898 0.015182270557726252 0.5901281917652761 0.6512462439110266
0.19059813796275749 0.6186017744248864 0.3075919361258801 0.7379597286368608 0.9865585076965023 0.9221941729627554 0.3014243757959061 0.4192493820092592 0.9063375384771549 0.8993884481531818 0.2628935082400563 0.07958793906170725 0.16269687857498738 0.2721030581880942 0.8040044017765904 0.14113569847699914 0.22107590719878645 0.22372399361731599 0.11672239232774029 0.23763751178558767 0.49315494039074836 0.40528866189474244 0.3726971892587847 0.6843580544046949 0.6589516165655406 0.3936103281258889 0.9187200843194215 0.6019808601052448 0.22837794460663174 0.2756159501418266 0.9505546372805916
0.3686263385315922 0.8665782087559711 0.9252926040023788 0.6529971916793269 0.06445203982318382 0.6404653518811111 0.7978388722468853 0.5638435435253633 0.9678530041759421 0.13031436224021486 0.2210330561308942 0.6910505331877255 0.0987129358379808 0.5186847524359561 0.3194005069304361 0.2606119149179603 0.2812607032341031 0.9194489668281638 0.5710530846505875 0.8385384987043553 0.9734799861604907 0.7476289421613086 0.31332631846969317 0.7731051250977901 0.7391778655509166 0.833691961369415 0.3207918018004192 0.5147242298729617 0.3500144445213511 0.8141702994039567 0.42223861833251264
0.2996596834732186 0.40546526676376904 0.6553864908528562 0.6177425973864644 0.5977558736814023 0.2935706702749027 0.1818105464115749 0.987508222499909 0.6166151380388774 0.13971280169039413 0.3487661740496163 0.8482499957257439 0.48883960827521955 0.4507845753285743 0.42163673880297514 0.7745160255540403 0.050454802666450416 0.08455587189580516 0.5108354194266558 0.23134914707510212 0.523991893603213 0.31533128848111946 0.1262053848376482 0.511548079383804 0.4588381266383672 0.6386452981080415 0.003417567813645661 0.9447811269965048 0.6888569989218116 0.0014249208556456061 0.5175201315539159
0.24279786630811884 0.5062408986386893 0.7417611603360658 0.27182476134769207 0.7678745317656491 0.23700599493152152 0.9717232089299119 0.10405786046947196 0.9013746486584208 0.8283735533346653 0.30765606308591475 0.9733545996376424 0.7741110422555517 0.9813961922631007 0.22949180409719183 0.10952112536384784 0.8987670827998085 0.8328068432642518 0.39921852515310774 0.2711573310496789 0.21837011628449265 0.28874437020268984 0.560667893711953 0.10711009165642726 0.11757165208174514 0.38988201396472033 0.2076308561866036 0.5416004308949774 0.7518178160487071 0.49360245007725534 0.5899113914870532
0.7148106900896172 0.6468207024208339 0.4101138065113429 0.591674861513324 0.4759594261693426 0.5261377313534147 0.12779432206918961 0.42277794618989595 0.06634962585842274 0.6082311236779302 0.6038431809371302 0.30956803237275654 0.8930318018095302 0.7227434797242827 0.9339246680695512 0.9965674042154813 0.32530656946393777 0.006330213430391418 0.7685906399191283 0.865663774271316 0.3703525408313805 0.36942388792760905 0.6169762013421223 0.7820687235098649 0.9271684159499674 0.4310425556407751 0.17616374214989383 0.6647989183937644 0.5886554623924461 0.5953299757495069 0.4919024646638218
0.8323532417875463 0.46714585566932965 0.5556066971921209 0.8002807434534541 0.23864922299827795 0.20343308013015216 0.7741308590588875 0.962666123620164 0.14958442455247045 0.5651418447862101 0.18453396100445907 0.3744585987686272 0.8422336252564967 0.44178398369009253 0.9493576882548277 0.600011634255728 0.3568899783135251 0.7460048772442198 0.8859222878555477 0.5996484658299803 0.015740273958995687 0.6252959156002673 0.9419342462141872 0.9294609920621862 0.8833458576988801 0.09733557820980487 0.06901312462332021 0.5158682982142291 0.8834838301670118 0.5995668994827636 0.5629718389801186
0.6195955020935526 0.6747033501352603 0.8251961104690023 0.011609001273075625 0.1727965145440692 0.9665594478592294 0.7681007480458212 0.595965619033597 0.15648934358460465 0.9618684292496484 0.942827254852718 0.4306527462339531 0.7875690847778084 0.9336135685084969 0.2945583117797872 0.2232090631965562 0.022847914620270693 0.48227874942623516 0.8643070462927102 0.7413010479129538 0.5554195727804631 0.8858882794653136 0.09791586659313567 0.7061759643220258 0.06156152113171709 0.8570124804030229 0.9544622391951617 0.3251850965541152 0.900709311501296 0.47754612086491466 0.8258671921797256
0.5639762228558352 0.938439859399087 0.9058296733148417 0.05444938500935392 0.7612975658814172 0.9068639169209525 0.3121447949217715 0.9590591122247863 0.6193906928685837 0.3368409416817173 0.6664795494854636 0.3809092304115326 0.9075094857215452 0.5834651520908161 0.04465979986156399 0.19865212651113873 0.9548073631043552 0.43997677717202754 0.12694930355107092 0.8707255864342727 0.6500172048929121 0.7205710403737606 0.8894104996955293 0.029441062565645937 0.00912985218875706 0.16232041042351186 0.08764706006286582 0.9742734056839397 0.5477578126310516 0.7802185856258163 0.8909658990882807
0.8663949616992753 0.6594520601155988 0.9363497201915626 0.537797435850067 0.09304008283791254 0.6518947560543998 0.8462504753825462 0.8142234798160823 0.037365384769617815 0.9828340196119448 0.36004885547233334 0.323484788553553 0.12051388692084564 0.25073213986763676 0.16189124291818024 0.5541199836966442 0.6206587107524405 0.765923521248411 0.046404578378468786 0.7849071211379093 0.6276361546293935 0.32313541181847405 0.1714276973052663 0.4637018003323037 0.782669827756052 0.20254367048842126 0.28120691319357716 0.3530180578904387 0.9925602273904293 0.8850306518592387 0.40360422462108325
0.3386488905103313 0.006110389880322309 0.19204809082526875 0.01276880288380744 0.2637917725329153 0.8416964655787282 0.4506158991151694 0.47727532356525326 0.5206215972477909 0.6572058515178275 0.7660015606784436 0.47767520090819027 0.7981471363608909 0.6454035722350308 0.055325601091188004 0.33756868093527104 0.12950652080141212 0.5253441821238798 0.5304003606311836 0.2924549100686683 0.9790307408730701 0.4800199569802365 0.7266098096592036 0.5420578539955719 0.9862521654928337 0.29073177549302065 0.6525144699174196 0.8666294253779034 0.5043156094082963 0.3597114394099624 0.08461172518811344
0.5684412315369027 0.11526502675163663 0.25779992003741403 0.3983731679859671 0.0014641938059476445 0.2821626331884898 0.7209509192731076 0.8193847975983511 0.5160099401964088 0.9577926874741287 0.471615250760573 0.957509478122911 0.7748322230846055 0.45480271041843756 0.26803084899912355 0.7400519430760748 0.49686902759987395 0.7179781894677773 0.5061430568581564 0.6869255340936389 0.6249649119575225 0.24816004575162554 0.650855040535609 0.9319976145624457 0.7439268605996674 0.9686249066827249 0.9595912532714269 0.08637768543078606 0.6609418892353487 0.49946067061132227 0.8748667120541296
0.8480962695460085 0.7284526321288255 0.38033726668824563 0.4483327481511603 0.3607524607557606 0.2176833017816907 0.43760032334502263 0.3993475476657101 0.826332901244513 0.09454888040799181 0.8327974258518761 0.30187752972020043 0.7827374297868191 0.17388682442707826 0.7186550659569174 0.49462879621110656 0.454641076948581 0.7988602915562495 0.5326250125079356 0.061918322694377026 0.9188409697315992 0.19195177448564937 0.5673756666321111 0.8199619671052474 0.30254230290615924 0.6495705440967853 0.1822800251381822 0.2464312974430236 0.5105125654763444 0.2401608832596932 0.9893893419350037
0.14770741018747446 0.4709280533726271 0.16017695632900752 0.3843986043378297 0.44929607973101593 0.6011292393315469 0.1506083641817344 0.30435442360462783 0.6614260955169882 0.8072784704222347 0.9490145257465592 0.14819817823257286 0.6281305211528158 0.8321052328710179 0.889528831240716 0.04943795086342706 0.293668483917904 0.9618388633114334 0.15329238854866933 0.11280875606094465 0.3467654676303159 0.7462694156702896 0.7226914075662808 0.13456723859522168 0.004128463278827432 0.7851213663380793 0.7326656836410971 0.21328265681940817 0.6888936610690313 0.53402678935767 0.5380565881557929
0.419275316079193 0.5952380738232509 0.8017570582837084 0.4158372094472168 0.7067708495756551 0.6684831338212243 0.22996034823468536 0.3482297785304874 0.5810719779785595 0.33196001407977904 0.41398640039269075 0.7705519681599224 0.0030320422300118555 0.7496756693147444 0.8503814175161701 0.3178411780074407 0.8971681277426216 0.9777095533014547 0.030196528443498183 0.05108198552163956 0.5680222702226115 0.011797525145767596 0.4764907181439947 0.34359698732266275 0.29095983986080887 0.7678478631291575 0.7795477710665525 0.6950840090980054 0.11321318823983029 0.07991681456005661 0.8727267659534002
0.8870422612632053 0.5676302932319738 0.8736403691442853 0.029579107890599032 0.5334726650504926 0.467123299782097 0.37018806226156553 0.324521405526048 0.1574169056378506 0.42831041901327704 0.4011113306996549 0.4970758984681398 0.2015812962102531 0.7338684797380239 0.9144897624724607 0.5813540162574502 0.4648296288380367 0.9101581438967591 0.5909561387948846 0.1814167931310665 0.8672771760497785 0.11454609780937874 0.8842785393019115 0.16492458892170203 0.7765410673247217 0.6739212763224902 0.36769153880319827 0.9796172769757743 0.9040259092347723 0.00816950634752489 0.05405944988220468
0.9281616478994839 0.8931987954481908 0.06435106785488864 0.5901571868597592 0.6610411371742388 0.797872133277268 0.47894496911448403 0.6624669574033648 0.9035528794714438 0.5056417989084158 0.09490581901812833 0.8761028405397094 0.22114984094445345 0.11768085882498247 0.8161969843331047 0.11746936780112782 0.7793693559133362 0.8803976483946613 0.9305909026103946 0.9147592586527723 0.3430585122707823 0.8163860578743674 0.6909359449896258 0.44997804550319487 0.11373412048401887 0.597298570914164 0.9716178262979372 0.9105653176470208 0.20267482944483406 0.13635952471366597 0.9350869205839597
0.48632026469100453 0.10918779263485645 0.7254622822553466 0.08419057633654037 0.02280116981721847 0.8322362168533498 0.7133309066229587 0.652913866782638 0.47437806004027283 0.9873250428218981 0.5653893309766229 0.982157573389372 0.21542778577736998 0.8949932735165058 0.08604198629606385 0.3532156100503805 0.025235663936954422 0.5778836416179125 0.4557939738579554 0.2627523178555409 0.6831440300559869 0.15378428048825887 0.37287405068793633 0.5927602583198617 0.36556758643901566 0.8414933623457848 0.7693496778531003 0.3954206707761263 0.6375097473797312 0.029795699987598123 0.8665013944390543
0.5327344920619654 0.8862753213821726 0.8739327362518866 0.7748481003289883 0.960087870011444 0.21848212099831898 0.05706121916481477 0.6557307211079224 0.7210388876952849 0.07923863505469264 0.8667562569670965 0.3686928694404634 0.5895475556520158 0.6983433082582696 0.6129408999518109 0.3642908762535002 0.00014089760940527718 0.43301991842185517 0.9509821390363673 0.6277745929844822 0.2548731950081464 0.5292791441064781 0.9973343531721709 0.17982421271127202 0.6213214059502834 0.4100139687433457 0.1671372316358838 0.24309020462919906 0.43780784167236064 0.46189499060972417 0.7377333614470848
0.7408534705692073 0.4261096398692078 0.9122794245045769 0.6443644250213707 0.9710792720619147 0.24130580746823804 0.9735174120272013 0.8708319722125473 0.5889967467337967 0.9914898377381877 0.577293802825309 0.3221433550546574 0.016912070011421365 0.42924647419119055 0.19826252942536182 0.7200933054619066 0.3375583964136897 0.44265392380902446 0.8942705558507787 0.45595358475624426 0.14251183278406776 0.93997854563539 0.6947614231659015 0.15477537131171815 0.476116877196482 0.2310214743563388 0.5870741245762224 0.5708088686165149 0.38406651341308884 0.7969784510510858 0.6094570320923438
0.2100382831921337 0.32727747504207105 0.9068646851443487 0.14711293805115178 0.11400681271695945 0.056219923430776086 0.8051112694789476 0.01574417340023171 0.7402952821624261 0.2910914748674003 0.35076648436959834 0.5799793803740524 0.2728658379148462 0.6576766114016424 0.25311018352477066 0.0847924281945136 0.302281257982009 0.86376150415392 0.6688371286649404 0.48444565734574574 0.7326065462753125 0.20541566105197417 0.856786594330232 0.7979797153181264 0.4330463713969034 0.7715935234323218 0.8721402532298563 0.3603555388863655 0.6687316603582171 0.4401974850789311 0.6367447857859334
0.8759458455280232 0.8386377393154968 0.41196647628622085 0.20944008625799304 0.31651563140838757 0.7739252993329315 0.9720331322541539 0.49787081983625836 0.3654630092818748 0.9654199272472065 0.8406473772863724 0.10479006221846543 0.20536825215078902 0.14226024764380485 0.006590799046789497 0.5390133384140549 0.9025368326796968 0.36340421183137483 0.3245293478219071 0.8229237065524075 0.9854939771661274 0.8413392746019855 0.286328700862323 0.15653662374832544 0.3919495571865321 0.8861503365183659 0.905102613634011 0.8942103040903956 0.2992442812934215 0.7160691952717264 0.20870272786521182
0.7665393240263505 0.6687028436681282 0.6150588742372933 0.552985393169892 0.1232852700382584 0.14812415125332612 0.2603993550095096 0.7308656866524343 0.26139126666333534 0.05674685386536127 0.5198993738682985 0.10331805575073338 0.8872823347045073 0.6436688963670687 0.801895533999171 0.15607771583454766 0.7743749624176401 0.03965878222543706 0.7251173894780766 0.19853579453284265 0.3531636459820767 0.20106369582666417 0.5901025601116214 0.9206229760259055 0.8910058727122695 0.9282317835459903 0.6962047387615444 0.07478788455670304 0.1804762178050573 0.7535620029727356 0.264075285665193
0.9362823874552035 0.6745965203435059 0.984038948413872 0.364075525375546 0.22935599203563006 0.9808645535263125 0.3245394543274229 0.2716748719041312 0.7926118345911246 0.973388076761128 0.5339140375360295 0.4025353283895996 0.7958660571488271 0.1622976779432298 0.8733534013601262 0.20772987171869328 0.800485760403985 0.3014607484481704 0.982689313783918 0.9307670837764969 0.8847167424340525 0.5613100662232957 0.49320541031150866 0.20155492845702005 0.08689153465792199 0.9776595720621886 0.7169559381422796 0.7772093610651643 0.7292356190911377 0.4211216445724968 0.6265576065154608
0.31658479303721465 0.1437800198860404 0.6508064031433894 0.830841550934993 0.6527949600280106 0.5621756376559898 0.3258465336690449 0.5472492516508601 0.5204585239111194 0.47504083259091123 0.8636341568417463 0.8378868520204074 0.647963645923791 0.9290703466980405 0.4377423159905731 0.15542749974065273 0.5837132031784286 0.11732557243779163 0.15483470816010558 0.2273072100845256 0.09731383097777202 0.42951382031539587 0.8781680542128157 0.6243831948167781 0.671744595639827 0.7338876745958512 0.6482748488963317 0.13278997024613937 0.8077105450973499 0.2758438788074117 0.018313480634341905
0.36978510043590673 0.707468557499725 0.7350039169268685 0.42777175175106874 0.9141780104722291 0.5309876008308723 0.6469481620128087 0.6382383315545884 0.2406550292102726 0.8181846498458886 0.8219569132881268 0.49158518447627175 0.4586941608281295 0.1642230978672421 0.05857900965146645 0.16074500063563513 0.5184219660601589 0.171251963571168 0.7936609403982663 0.8252536887642349 0.454047629953819 0.5878575290642684 0.11715537023184719 0.8269035420528796 0.8299179176502913 0.7747855396049513 0.40044512896744955 0.9093359901442015 0.6916295583298085 0.6594364228272701 0.583555759673344
